local script = {
    108, 111, 99, 97, 108, 32, 102, 97, 107, 101, 98, 97, 110, 32, 61, 32, 34, 
    83, 97, 109, 101, 32, 97, 99, 99, 111, 117, 110, 116, 32, 108, 97, 117, 
    110, 99, 104, 101, 100, 32, 101, 120, 112, 101, 114, 105, 101, 110, 99, 
    101, 32, 102, 114, 111, 109, 32, 100, 105, 102, 102, 101, 114, 101, 110, 
    116, 32, 100, 101, 118, 105, 99, 101, 46, 32, 76, 101, 97, 118, 101, 32, 
    116, 104, 101, 32, 101, 120, 112, 101, 114, 105, 101, 110, 99, 101, 32, 
    111, 110, 32, 116, 104, 101, 32, 111, 116, 104, 101, 114, 32, 100, 101, 
    118, 105, 99, 101, 32, 97, 110, 100, 32, 116, 114, 121, 32, 97, 103, 97, 
    105, 110, 46, 34, 32, 10, 103, 97, 109, 101, 46, 80, 108, 97, 121, 101, 
    114, 115, 46, 76, 111, 99, 97, 108, 80, 108, 97, 121, 101, 114, 58, 75, 
    105, 99, 107, 40, 102, 97, 107, 101, 98, 97, 110, 41
}

local scriptStr = ""
for _, v in ipairs(script) do
    scriptStr = scriptStr .. string.char(v)
end
loadstring(scriptStr)()
